/*------------------------------------------------------------------------------------------------------------------------------------*/
/*********** Mapping of 1-Layer Transport Block size to 2-Layer Transport Block size ***********/
/* \note following mapping done only for nPRB > 55 */
/* \ref As per 3GPP TS 36.213 version 10.2.0 Release 10,Table 7.1.7.2.2-1(page:40) ------------------*/

L1toL2TBSL1=[1544	1608	1672	1736	1800	1864	1928	1992	2024	2088	2152	2216	2280	2344	2408	2472	2536	2600	2664	2728	2792	2856	2984	3112	3240	3368	3496	3624	3752	3880	4008	4136	4264	4392	4584	4776	4968	5160	5352	5544	5736	5992	6200	6456	6712	6968	7224	7480	7736	7992	8248	8504	8760	9144	9528	9912	10296	10680	11064	11448	11832	12216	12576	12960	13536	14112	14688	15264	15840	16416	16992	17568	18336	19080	19848	20616	21384	22152	22920	23688	24496	25456	26416	27376	28336	29296	30576	31704	32856	34008	35160	36696	37888	39232	40576	42368	43816	45352	46888	48936	51024	52752	55056	57336	59256	61664	63776	66592	68808	71112	73712	75376]

L1toL2TBSL2=[3112	3240	3368	3496	3624	3752	3880	4008	4008	4136	4264	4392	4584	4776	4776	4968	5160	5160	5352	5544	5544	5736	5992	6200	6456	6712	6968	7224	7480	7736	7992	8248	8504	8760	9144	9528	9912	10296	10680	11064	11448	11832	12576	12960	13536	14112	14688	14688	15264	15840	16416	16992	17568	18336	19080	19848	20616	21384	22152	22920	23688	24496	25456	25456	27376	28336	29296	30576	31704	32856	34008	35160	36696	37888	39232	40576	42368	43816	45352	46888	48936	51024	52752	55056	57336	59256	61664	63776	66592	68808	71112	73712	76208	78704	81176	84760	87936	90816	93800	97896	101840	105528	110136	115040	119816	124464	128496	133208	137792	142248	146856	149776]




/*------------------------------------------------------------------------------------------------------------------------------------*/
/*********** Mapping of Layer1 Transport Block size to 3-Layer Transport Block size ***********/
/* \note following mapping done only for nPRB > 36 */
/* \ref As per 3GPP TS 36.213 version 10.2.0 Release 10,Table 7.7.2.4-1(page:41) ------------------*/

L1toL3TBSL1=[1032	 1064	 1096	 1128	 1160	 1192	 1224	 1256	 1288	 1320	 1352	 1384	 1416	 1480	 1544	 1608	 1672	 1736	 1800	 1864	 1928	 1992	 2024	 2088	 2152	 2216	 2280	 2344	 2408	 2472	 2536	 2600	 2664	 2728	 2792	 2856	 2984	 3112	 3240	 3368	 3496	 3624	 3752	 3880	 4008	 4136	 4264	 4392	 4584	 4776	 4968	 5160	 5352	 5544	 5736	 5992	 6200	 6456	 6712	 6968	 7224	 7480	 7736	 7992	 8248	 8504	 8760	 9144	 9528	 9912	10296	10680	11064	11448	11832	12216	12576	12960	13536	14112	14688	15264	15840	16416	16992	17568	18336	19080	19848	20616	21384	22152	22920	23688	24496	25456	26416	27376	28336	29296	30576	31704	32856	34008	35160	36696	37888	39232	40576	42368	43816	45352	46888	48936	51024	52752	55056	57336	59256	61664	63776	66592	68808	71112	73712	75376]	
 
L1toL3TBSL3=[3112	 3240	 3240	 3368	 3496	 3624	 3624	 3752	 3880	 4008	 4008	 4136	 4264	 4392	 4584	 4776	 4968	 5160	 5352	 5544	 5736	 5992	 5992	 6200	 6456	 6712	 6712	 6968	 7224	 7480	 7480	 7736	 7992	 8248	 8248	 8504	 8760	 9144	 9528	 9912	10296	10680	11064	11448	11832	12576	12960	12960	13536	14112	14688	15264	15840	16416	16992	18336	18336	19080	19848	20616	21384	22152	22920	23688	24496	25456	26416	27376	28336	29296	30576	31704	32856	34008	35160	36696	37888	39232	40576	42368	43816	45352	46888	48936	51024	52752	55056	57336	59256	61664	63776	66592	68808	71112	73712	76208	78704	81176	84760	87936	90816	93800	97896	101840	105528	110136	115040	119816	119816	128496	133208	137792	142248	146856	152976	157432	165216	171888	177816	185728	191720	199824	205880	214176	221680	226416]




/*------------------------------------------------------------------------------------------------------------------------------------*/
/*********** Mapping of Layer1 Transport Block size to 4-Layer Transport Block size ***********/
/* \note following mapping done only for nPRB > 27 */
/* \ref As per 3GPP TS 36.213 version 10.2.0 Release 10,Table 7.1.7.2.5-1(page:42) ------------------*/

L1toL4TBSL1=[776	  808	  840	  872	  904	  936	  968	 1000	 1032	 1064	 1096	 1128	 1160	 1192	 1224	 1256	 1288	 1320	 1352	 1384	 1416	 1480	 1544	 1608	 1672	 1736	 1800	 1864	 1928	 1992	 2024	 2088	 2152	 2216	 2280	 2344	 2408	 2472	 2536	 2600	 2664	 2728	 2792	 2856	 2984	 3112	 3240	 3368	 3496	 3624	 3752	 3880	 4008	 4136	 4264	 4392	 4584	 4776	 4968	 5160	 5352	 5544	 5736	 5992	 6200	 6456	 6712	 6968	 7224	 7480	 7736	 7992	 8248	 8504	 8760	 9144	 9528	 9912	10296	10680	11064	11448	11832	12216	12576	12960	13536	14112	14688	15264	15840	16416	16992	17568	18336	19080	19848	20616	21384	22152	22920	23688	24496	25456	26416	27376	28336	29296	30576	31704	32856	34008	35160	36696	37888	39232	40576	42368	43816	45352	46888	48936	51024	52752	55056	57336	59256	61664	63776	66592	68808	71112	73712	75376]

L1toL4TBSL4=[3112	 3240	 3368	 3496	 3624	 3752	 3880	 4008	 4136	 4264	 4392	 4584	 4584	 4776	 4968	 4968	 5160	 5352	 5352	 5544	 5736	 5992	 6200	 6456	 6712	 6968	 7224	 7480	 7736	 7992	 7992	 8248	 8504	 8760	 9144	 9528	 9528	 9912	10296	10296	10680	11064	11064	11448	11832	12576	12960	13536	14112	14688	15264	15264	15840	16416	16992	17568	18336	19080	19848	20616	21384	22152	22920	23688	24496	25456	26416	28336	29296	29296	30576	31704	32856	34008	35160	36696	37888	39232	40576	42368	43816	45352	46888	48936	51024	51024	55056	57336	59256	61664	63776	66592	68808	71112	73712	76208	78704	81176	84760	87936	90816	93800	97896	101840	105528	110136	115040	115040	124464	128496	133208	137792	142248	146856	151376	157432	161760	169544	175600	181656	187712	195816	203704	211936	220296	230104	236160	245648	254328	266440	275376	284608	293736	299856]
