rbName="pbch"

rbStructure=...
"0 0 0 0 0 0 0 54 54 54 54 0 0 0;...
0 0 0 0 0 0 0 54 54 54 54 0 0 0;...
0 0 0 0 0 0 0 -1 -1 54 54 0 0 0;...
0 0 0 0 0 0 0 54 54 54 54 0 0 0;...
0 0 0 0 0 0 0 54 54 54 54 0 0 0;...
0 0 0 0 0 0 0 -1 -1 54 54 0 0 0;...
0 0 0 0 0 0 0 54 54 54 54 0 0 0;...
0 0 0 0 0 0 0 54 54 54 54 0 0 0;...
0 0 0 0 0 0 0 -1 -1 54 54 0 0 0;...
0 0 0 0 0 0 0 54 54 54 54 0 0 0;...
0 0 0 0 0 0 0 54 54 54 54 0 0 0;...
0 0 0 0 0 0 0 -1 -1 54 54 0 0 0"

toneTypes="{data pbch dontcare "

data=[0]
pbch=[54]
dontcare=[-1]
