rbName="pdcch2"

rbStructure=...
"51 51 0 0 0 0 0 0 0 0 0 0 0 0;...
51 51 0 0 0 0 0 0 0 0 0 0 0 0;...
51 51 0 0 0 0 0 0 0 0 0 0 0 0;...
51 51 0 0 0 0 0 0 0 0 0 0 0 0;...
51 51 0 0 0 0 0 0 0 0 0 0 0 0;...
51 51 0 0 0 0 0 0 0 0 0 0 0 0;...
51 51 0 0 0 0 0 0 0 0 0 0 0 0;...
51 51 0 0 0 0 0 0 0 0 0 0 0 0;...
51 51 0 0 0 0 0 0 0 0 0 0 0 0;...  
51 51 0 0 0 0 0 0 0 0 0 0 0 0;...
51 51 0 0 0 0 0 0 0 0 0 0 0 0;...
51 51 0 0 0 0 0 0 0 0 0 0 0 0"

toneTypes="{data pdcch dontcare "

data=[0]
pdcch=[51]
dontcare=[-1]
