rbName="pdcch4"

rbStructure=...
"53 53 53 53 0 0 0 0 0 0 0 0 0 0;...
53 53 53 53 0 0 0 0 0 0 0 0 0 0;...
-1 53 53 53 0 0 0 0 0 0 0 0 0 0;...
53 53 53 53 0 0 0 0 0 0 0 0 0 0;...
53 53 53 53 0 0 0 0 0 0 0 0 0 0;...
-1 53 53 53 0 0 0 0 0 0 0 0 0 0;...
53 53 53 53 0 0 0 0 0 0 0 0 0 0;...
53 53 53 53 0 0 0 0 0 0 0 0 0 0;...
-1 53 53 53 0 0 0 0 0 0 0 0 0 0;...
53 53 53 53 0 0 0 0 0 0 0 0 0 0;...
53 53 53 53 0 0 0 0 0 0 0 0 0 0;...
-1 53 53 53 0 0 0 0 0 0 0 0 0 0"

toneTypes="{data pdcch dontcare "

data=[0]
pdcch=[53]
dontcare=[-1]