rbName="pdcch3"

rbStructure=...
"52 52 52 0 0 0 0 0 0 0 0 0 0 0;...
52 52 52 0 0 0 0 0 0 0 0 0 0 0;...
-1 52 52 0 0 0 0 0 0 0 0 0 0 0;...
52 52 52 0 0 0 0 0 0 0 0 0 0 0;...
52 52 52 0 0 0 0 0 0 0 0 0 0 0;...
-1 52 52 0 0 0 0 0 0 0 0 0 0 0;...
52 52 52 0 0 0 0 0 0 0 0 0 0 0;...
52 52 52 0 0 0 0 0 0 0 0 0 0 0;...
-1 52 52 0 0 0 0 0 0 0 0 0 0 0;...  
52 52 52 0 0 0 0 0 0 0 0 0 0 0;...
52 52 52 0 0 0 0 0 0 0 0 0 0 0;...
-1 52 52 0 0 0 0 0 0 0 0 0 0 0"

toneTypes="{data pdcch dontcare "

data=[0]
pdcch=[52]
dontcare=[-1]
