rbName="shortPUCCH"

rbStructure=...
"0 0 0 0 0 0 0 0 0 0 60 60 0 0;...
0 0 0 0 0 0 0 0 0 0 60 60 0 0;...
0 0 0 0 0 0 0 0 0 0 60 60 0 0;...
0 0 0 0 0 0 0 0 0 0 60 60 0 0;...
0 0 0 0 0 0 0 0 0 0 60 60 0 0;...
0 0 0 0 0 0 0 0 0 0 60 60 0 0;...
0 0 0 0 0 0 0 0 0 0 60 60 0 0;...
0 0 0 0 0 0 0 0 0 0 60 60 0 0;...
0 0 0 0 0 0 0 0 0 0 60 60 0 0;...
0 0 0 0 0 0 0 0 0 0 60 60 0 0;...
0 0 0 0 0 0 0 0 0 0 60 60 0 0;...
0 0 0 0 0 0 0 0 0 0 60 60 0 0"

toneTypes="{data shortPUCCH "

data=[0]
shortPUCCH=[60]
