rbName="epdcchdata_wopdcch"

rbStructure=...
" 100 112 108 104 100 -1  -1  108 104 100 112 108 -1  -1 ;...
  101 113 109 105 101 -1  -1  109 105 101 113 109 -1  -1 ;...
  102 114 110 106 102 112 102 110 106 102 114 110 104 110;...
  103 115 111 107 103 113 103 111 107 103 115 111 105 111;...
  104 100 112 108 104 114 104 112 108 104 100 112 106 112;...
  105 101 113 109 105 -1  -1  113 109 105 101 113 -1  -1 ;...
  106 102 114 110 106 -1  -1  114 110 106 102 114 -1  -1 ;...
  107 103 115 111 107 115 105 115 111 107 103 115 107 113;...
  108 104 100 112 108 100 106 100 112 108 104 100 108 114;...  
  109 105 101 113 109 101 107 101 113 109 105 101 109 115;...
  110 106 102 114 110 -1  -1  102 114 110 106 102 -1  -1 ;...
  111 107 103 115 111 -1  -1  103 115 111 107 103 -1  -1"

toneTypes="{epdcch dontcare "


epdcch=[100 101 102 103 104 105 106 107 108 109 110 111 112 113 114 115]
dontcare=[-1]