rbName="pbchDown"

rbStructure=...
"0 0 0 0 0 0 0 56 56 56 56 0 0 0;...
0 0 0 0 0 0 0 56 56 56 56 0 0 0;...
0 0 0 0 0 0 0 -1 -1 56 56 0 0 0;...
0 0 0 0 0 0 0 56 56 56 56 0 0 0;...
0 0 0 0 0 0 0 56 56 56 56 0 0 0;...
0 0 0 0 0 0 0 -1 -1 56 56 0 0 0;...
0 0 0 0 0 0 0 0 0 0 0 0 0 0;...
0 0 0 0 0 0 0 0 0 0 0 0 0 0;...
0 0 0 0 0 0 0 0 0 0 0 0 0 0;...
0 0 0 0 0 0 0 0 0 0 0 0 0 0;...
0 0 0 0 0 0 0 0 0 0 0 0 0 0;...
0 0 0 0 0 0 0 0 0 0 0 0 0 0"

toneTypes="{data pbchDown dontcare "

data=[0]
pbchDown=[56]
dontcare=[-1]