rbName="pbchUp"

rbStructure=...
"0 0 0 0 0 0 0 0 0 0 0 0 0 0;...
0 0 0 0 0 0 0 0 0 0 0 0 0 0;...
0 0 0 0 0 0 0 0 0 0 0 0 0 0;...
0 0 0 0 0 0 0 0 0 0 0 0 0 0;...
0 0 0 0 0 0 0 0 0 0 0 0 0 0;...
0 0 0 0 0 0 0 0 0 0 0 0 0 0;...
0 0 0 0 0 0 0 55 55 55 55 0 0 0;...
0 0 0 0 0 0 0 55 55 55 55 0 0 0;...
0 0 0 0 0 0 0 -1 -1 55 55 0 0 0;...
0 0 0 0 0 0 0 55 55 55 55 0 0 0;...
0 0 0 0 0 0 0 55 55 55 55 0 0 0;...
0 0 0 0 0 0 0 -1 -1 55 55 0 0 0"

toneTypes="{data pbchUp dontcare "

data=[0]
pbchUp=[55]
dontcare=[-1]
