///Syntax: map<nPorts>to<nTxAntennas> parses a matrix of dimension (nTxAntennas,nPorts)

maxPorts=8;
maxAntennas=8;

map1to1="1" 

map1to2=...
"1;...
1"

map1to3=...
"1;...
1;...
1"

map1to4=...
"1;...
1;...
1;...
1"

map1to5=...
"1;...
1;...
1;...
1;...
1"

map1to6=...
"1;...
1;...
1;...
1;...
1;...
1"

map1to7=...
"1;...
1;...
1;...
1;...
1;...
1;...
1"

map1to8=...
"1;...
1;...
1;...
1;...
1;...
1;...
1;...
1"

map2to2=...
"1 0;...
0 1"

map2to3=...
"1 0;...
1 0;...
0 1"

map2to4=...
"1 0;...
1 0;...
0 1;...
0 1"

map2to5=...
"1 0;...
1 0;...
1 0;...
0 1;...
0 1"

map2to6=...
"1 0;...
1 0;...
1 0;...
0 1;...
0 1;...
0 1"

map2to7=...
"1 0;...
1 0;...
1 0;...
1 0;...
0 1;...
0 1;...
0 1"

map2to8=...
"1 0;...
1 0;...
1 0;...
1 0;...
0 1;...
0 1;...
0 1;...
0 1"

map3to3=...
"1 0 0;...
0 1 0;...
0 0 1"

map3to4=...
"1 0 0;...
1 0 0;...
0 1 0;...
0 0 1"

map3to5=...
"1 0 0;...
1 0 0;...
0 1 0;...
0 1 0;...
0 0 1"

map3to6=...
"1 0 0;...
1 0 0;...
0 1 0;...
0 1 0;...
0 0 1;...
0 0 1"

map3to7=...
"1 0 0;...
1 0 0;...
1 0 0;...
0 1 0;...
0 1 0;...
0 0 1;...
0 0 1"

map3to8=...
"1 0 0;...
1 0 0;...
1 0 0;...
0 1 0;...
0 1 0;...
0 1 0;...
0 0 1;...
0 0 1"

map4to4=...
"1 0 0 0;...
0 1 0 0;...
0 0 1 0;...
0 0 0 1"

map4to5=...
"1 0 0 0;...
1 0 0 0;...
0 1 0 0;...
0 0 1 0;...
0 0 0 1"

map4to6=...
"1 0 0 0;...
1 0 0 0;...
0 1 0 0;...
0 1 0 0;...
0 0 1 0;...
0 0 0 1"

map4to7=...
"1 0 0 0;...
1 0 0 0;...
0 1 0 0;...
0 1 0 0;...
0 0 1 0;...
0 0 1 0;...
0 0 0 1"

map4to8=...
"1 0 0 0;...
1 0 0 0;...
0 1 0 0;...
0 1 0 0;...
0 0 1 0;...
0 0 1 0;...
0 0 0 1;...
0 0 0 1"

map5to5=...
"1 0 0 0 0;...
0 1 0 0 0;...
0 0 1 0 0;...
0 0 0 1 0;...
0 0 0 0 1"

map5to6=...
"1 0 0 0 0;...
1 0 0 0 0;...
0 1 0 0 0;...
0 0 1 0 0;...
0 0 0 1 0;...
0 0 0 0 1"

map5to7=...
"1 0 0 0 0;...
1 0 0 0 0;...
0 1 0 0 0;...
0 1 0 0 0;...
0 0 1 0 0;...
0 0 0 1 0;...
0 0 0 0 1"

map5to8=...
"1 0 0 0 0;...
1 0 0 0 0;...
0 1 0 0 0;...
0 1 0 0 0;...
0 0 1 0 0;...
0 0 1 0 0;...
0 0 0 1 0;...
0 0 0 0 1"

map6to6=...
"1 0 0 0 0 0;...
0 1 0 0 0 0;...
0 0 1 0 0 0;...
0 0 0 1 0 0;...
0 0 0 0 1 0;...
0 0 0 0 0 1"

map6to7=...
"1 0 0 0 0 0;...
1 0 0 0 0 0;...
0 1 0 0 0 0;...
0 0 1 0 0 0;...
0 0 0 1 0 0;...
0 0 0 0 1 0;...
0 0 0 0 0 1"

map6to8=...
"1 0 0 0 0 0;...
1 0 0 0 0 0;...
0 1 0 0 0 0;...
0 1 0 0 0 0;...
0 0 1 0 0 0;...
0 0 0 1 0 0;...
0 0 0 0 1 0;...
0 0 0 0 0 1"

map7to7=...
"1 0 0 0 0 0 0;...
0 1 0 0 0 0 0;...
0 0 1 0 0 0 0;...
0 0 0 1 0 0 0;...
0 0 0 0 1 0 0;...
0 0 0 0 0 1 0;...
0 0 0 0 0 0 1"

map7to8=...
"1 0 0 0 0 0 0;...
1 0 0 0 0 0 0;...
0 1 0 0 0 0 0;...
0 0 1 0 0 0 0;...
0 0 0 1 0 0 0;...
0 0 0 0 1 0 0;...
0 0 0 0 0 1 0;...
0 0 0 0 0 0 1"

map8to8=...
"1 0 0 0 0 0 0 0;...
0 1 0 0 0 0 0 0;...
0 0 1 0 0 0 0 0;...
0 0 0 1 0 0 0 0;...
0 0 0 0 1 0 0 0;...
0 0 0 0 0 1 0 0;...
0 0 0 0 0 0 1 0;...
0 0 0 0 0 0 0 1"