%nodeID	serverNodeID	distance	srvrNodeTxAntennaGainInDB	srvcNodeRxAntennaGainInDB	isLOS	PathlossInDB	ShadowlossInDB	srvcNodeTxAntennaGainInDB	srvrNodeRxAntennaGainInDB	isLOS	PathlossInDB	ShadowlossInDB	isIndoor
1,	0,	280.95,	-0.251206,	0,	1,	94.4177,	-1.84726,	0,	-0.251206,	1,	94.4177,	-1.84726,	0,	
2,	0,	289.345,	4.36625,	0,	1,	98.2565,	-1.38357,	0,	4.36625,	1,	98.2565,	-1.38357,	0,	
3,	0,	210.672,	4.25683,	0,	1,	103.554,	2.21905,	0,	4.25683,	1,	103.554,	2.21905,	0,	
4,	0,	401.871,	6.59103,	0,	1,	110.543,	-1.34564,	0,	6.59103,	1,	110.543,	-1.34564,	0,	
5,	0,	270.054,	7.28807,	0,	1,	108.174,	3.06894,	0,	7.28807,	1,	108.174,	3.06894,	0,	
6,	0,	304.517,	2.62215,	0,	1,	108.29,	-7.53649,	0,	2.62215,	1,	108.29,	-7.53649,	0,	
7,	0,	304.571,	7.19897,	0,	1,	107.902,	-3.92175,	0,	7.19897,	1,	107.902,	-3.92175,	0,	
8,	0,	208.33,	6.48766,	0,	1,	96.1097,	2.2017,	0,	6.48766,	1,	96.1097,	2.2017,	0,	
9,	0,	46.7513,	-1.56298,	0,	1,	89.6742,	-1.23504,	0,	-1.56298,	1,	89.6742,	-1.23504,	0,	
10,	0,	213.038,	6.54869,	0,	1,	100.457,	-1.05299,	0,	6.54869,	1,	100.457,	-1.05299,	0,	
