%srvcNode,	srvrNode,	LSPs[DS ASD ASA SF K ZSA ZSD muOffsetZOD muZSD]
1,	0,	-5.9285,	1.5788,	1.91476,	-1.84726,	6.73971,	0.814004,	0.156418,	0,	0.162073
2,	0,	-5.49393,	1.3554,	2.25564,	-1.38357,	9.75056,	0.918037,	0.0727475,	0,	0.144383
3,	0,	-7.02876,	1.19785,	1.74303,	2.21905,	4.55076,	0.900907,	0.798186,	0,	0.31035
4,	0,	-6.87914,	1.2664,	1.88221,	-1.34564,	8.25793,	0.998052,	0.307065,	0,	-0.092485
5,	0,	-7.93047,	0.980933,	1.69273,	3.06894,	12.7815,	0.982265,	0.838018,	0,	0.185038
6,	0,	-5.73147,	1.72247,	2.13068,	-7.53649,	12.1347,	1.01048,	0.106604,	0,	0.112421
7,	0,	-6.03157,	1.05072,	2.06394,	-3.92175,	7.65304,	1.01132,	-0.886404,	0,	0.112308
8,	0,	-7.31904,	1.18383,	1.61264,	2.2017,	8.91668,	0.84335,	0.104735,	0,	0.315298
9,	0,	-6.86529,	1.53979,	1.6063,	-1.23504,	7.96378,	0.803508,	0.60797,	0,	0.665127
10,	0,	-7.4385,	0.771683,	1.88576,	-1.05299,	11.1355,	1.10521,	-0.126062,	0,	0.305351
