/*As per 3GPP TS 36.213 version 10.2.0 Release 10,Table 7.2.3-1 ---------------------*/

cqiIndex=[1 2 3 4 5 6 7 8 9 10 11 12 13 14 15]
modulationIndex=[2 2 2 2 2 2 4 4 4 6 6 6 6 6 6]
codeRate=[0.076171875 0.1171875 0.188476563 0.30078125 0.438476563 0.587890625 0.369140625 0.478515625 0.6015625 0.455078125 0.553710938 0.650390625 0.75390625 0.852539063 0.92578125];

/*As per 3GPP TS 38.214 version 15.1.0 f10 Release 15, Table 5.2.2.1-2: 4-bit CQI Table ---------------------*/
nrCqiIndexTable=[1 2 3 4 5 6 7 8 9 10 11 12 13 14 15] 

nrModulationIndexTable1=[2 2 2 2 2 2 4 4 4 6 6 6 6 6 6]
nrCodeRateTable1=[0.076171875 0.1171875 0.188476563 0.30078125 0.438476563 0.587890625 0.369140625 0.478515625 0.6015625 0.455078125 0.553710938 0.650390625 0.75390625 0.852539063 0.92578125];

nrModulationIndexTable2=[2 2 2 4 4 4 6 6 6 6 6 8 8 8 8]
nrCodeRateTable2=[0.076171875 0.18847656 0.43847656 0.36914062 0.47851562 0.6015625 0.45507812 0.55371094 0.65039062 0.75390625 0.85253906 0.69433594 0.77832031 0.86425781 0.92578125];

nrModulationIndexTable3=[1 1 2 2 2 2 4 4 4 6 6 6 6 6 6]
nrCodeRateTable3=[0.188476563 0.30078125 0.188476563 0.30078125 0.438476563 0.587890625 0.369140625 0.478515625 0.6015625 0.455078125 0.553710938 0.650390625 0.75390625 0.852539063 0.92578125];

