rbName="SSBlock2"

rbStructure=...
"       4444        4234        4234        4234;...
        4444        4234        4234        4234;...
        4444       42341       42341       42341;...
        4444        4234        4234        4234;...
        4444        4234        4234        4234;...
        4444        4234        4234        4234;...
        4444       42341       42341       42341;...
        4444        4234        4234        4234;...
        4444        4234        4234        4234;...
        4444        4234        4234        4234;...
        4444       42341       42341       42341;...
        4444        4234        4234        4234;...
        4444        4234        4234        4234;...
        4444        4234        4234        4234;...
        4444       42341       42341       42341;...
        4444        4234        4234        4234;...
        4444        4234        4234        4234;...
        4444        4234        4234        4234;...
        4444       42341       42341       42341;...
        4444        4234        4234        4234;...
        4444        4234        4234        4234;...
        4444        4234        4234        4234;...
        4444       42341       42341       42341;...
        4444        4234        4234        4234;...
        4444        4234        4234        4234;...
        4444        4234        4234        4234;...
        4444       42341       42341       42341;...
        4444        4234        4234        4234;...
        4444        4234        4234        4234;...
        4444        4234        4234        4234;...
        4444       42341       42341       42341;...
        4444        4234        4234        4234;...
        4444        4234        4234        4234;...
        4444        4234        4234        4234;...
        4444       42341       42341       42341;...
        4444        4234        4234        4234;...
        4444        4234        4234        4234;...
        4444        4234        4234        4234;...
        4444       42341       42341       42341;...
        4444        4234        4234        4234;...
        4444        4234        4234        4234;...
        4444        4234        4234        4234;...
        4444       42341       42341       42341;...
        4444        4234        4234        4234;...
        4444        4234        4234        4234;...
        4444        4234        4234        4234;...
        4444       42341       42341       42341;...
        4444        4234        4234        4234;...
        4444        4234        4444        4234;...
        4444        4234        4444        4234;...
        4444       42341        4444       42341;...
        4444        4234        4444        4234;...
        4444        4234        4444        4234;...
        4444        4234        4444        4234;...
        4444       42341        4444       42341;...
        4444        4234        4444        4234;...
         411        4234         431        4234;...
         411        4234         431        4234;...
         411       42341         431       42341;...
         411        4234         431        4234;...
         411        4234         431        4234;...
         411        4234         431        4234;...
         411       42341         431       42341;...
         411        4234         431        4234;...
         411        4234         431        4234;...
         411        4234         431        4234;...
         411       42341         431       42341;...
         411        4234         431        4234;...
         411        4234         431        4234;...
         411        4234         431        4234;...
         411       42341         431       42341;...
         411        4234         431        4234;...
         411        4234         431        4234;...
         411        4234         431        4234;...
         411       42341         431       42341;...
         411        4234         431        4234;...
         411        4234         431        4234;...
         411        4234         431        4234;...
         411       42341         431       42341;...
         411        4234         431        4234;...
         411        4234         431        4234;...
         411        4234         431        4234;...
         411       42341         431       42341;...
         411        4234         431        4234;...
         411        4234         431        4234;...
         411        4234         431        4234;...
         411       42341         431       42341;...
         411        4234         431        4234;...
         411        4234         431        4234;...
         411        4234         431        4234;...
         411       42341         431       42341;...
         411        4234         431        4234;...
         411        4234         431        4234;...
         411        4234         431        4234;...
         411       42341         431       42341;...
         411        4234         431        4234;...
         411        4234         431        4234;...
         411        4234         431        4234;...
         411       42341         431       42341;...
         411        4234         431        4234;...
         411        4234         431        4234;...
         411        4234         431        4234;...
         411       42341         431       42341;...
         411        4234         431        4234;...
         411        4234         431        4234;...
         411        4234         431        4234;...
         411       42341         431       42341;...
         411        4234         431        4234;...
         411        4234         431        4234;...
         411        4234         431        4234;...
         411       42341         431       42341;...
         411        4234         431        4234;...
         411        4234         431        4234;...
         411        4234         431        4234;...
         411       42341         431       42341;...
         411        4234         431        4234;...
         411        4234         431        4234;...
         411        4234         431        4234;...
         411       42341         431       42341;...
         411        4234         431        4234;...
         411        4234         431        4234;...
         411        4234         431        4234;...
         411       42341         431       42341;...
         411        4234         431        4234;...
         411        4234         431        4234;...
         411        4234         431        4234;...
         411       42341         431       42341;...
         411        4234         431        4234;...
         411        4234         431        4234;...
         411        4234         431        4234;...
         411       42341         431       42341;...
         411        4234         431        4234;...
         411        4234         431        4234;...
         411        4234         431        4234;...
         411       42341         431       42341;...
         411        4234         431        4234;...
         411        4234         431        4234;...
         411        4234         431        4234;...
         411       42341         431       42341;...
         411        4234         431        4234;...
         411        4234         431        4234;...
         411        4234         431        4234;...
         411       42341         431       42341;...
         411        4234         431        4234;...
         411        4234         431        4234;...
         411        4234         431        4234;...
         411       42341         431       42341;...
         411        4234         431        4234;...
         411        4234         431        4234;...
         411        4234         431        4234;...
         411       42341         431       42341;...
         411        4234         431        4234;...
         411        4234         431        4234;...
         411        4234         431        4234;...
         411       42341         431       42341;...
         411        4234         431        4234;...
         411        4234         431        4234;...
         411        4234         431        4234;...
         411       42341         431       42341;...
         411        4234         431        4234;...
         411        4234         431        4234;...
         411        4234         431        4234;...
         411       42341         431       42341;...
         411        4234         431        4234;...
         411        4234         431        4234;...
         411        4234         431        4234;...
         411       42341         431       42341;...
         411        4234         431        4234;...
         411        4234         431        4234;...
         411        4234         431        4234;...
         411       42341         431       42341;...
         411        4234         431        4234;...
         411        4234         431        4234;...
         411        4234         431        4234;...
         411       42341         431       42341;...
         411        4234         431        4234;...
         411        4234         431        4234;...
         411        4234         431        4234;...
         411       42341         431       42341;...
         411        4234         431        4234;...
         411        4234         431        4234;...
         411        4234         431        4234;...
         411       42341         431       42341;...
        4444        4234        4444        4234;...
        4444        4234        4444        4234;...
        4444        4234        4444        4234;...
        4444       42341        4444       42341;...
        4444        4234        4444        4234;...
        4444        4234        4444        4234;...
        4444        4234        4444        4234;...
        4444       42341        4444       42341;...
        4444        4234        4444        4234;...
        4444        4234        4234        4234;...
        4444        4234        4234        4234;...
        4444       42341       42341       42341;...
        4444        4234        4234        4234;...
        4444        4234        4234        4234;...
        4444        4234        4234        4234;...
        4444       42341       42341       42341;...
        4444        4234        4234        4234;...
        4444        4234        4234        4234;...
        4444        4234        4234        4234;...
        4444       42341       42341       42341;...
        4444        4234        4234        4234;...
        4444        4234        4234        4234;...
        4444        4234        4234        4234;...
        4444       42341       42341       42341;...
        4444        4234        4234        4234;...
        4444        4234        4234        4234;...
        4444        4234        4234        4234;...
        4444       42341       42341       42341;...
        4444        4234        4234        4234;...
        4444        4234        4234        4234;...
        4444        4234        4234        4234;...
        4444       42341       42341       42341;...
        4444        4234        4234        4234;...
        4444        4234        4234        4234;...
        4444        4234        4234        4234;...
        4444       42341       42341       42341;...
        4444        4234        4234        4234;...
        4444        4234        4234        4234;...
        4444        4234        4234        4234;...
        4444       42341       42341       42341;...
        4444        4234        4234        4234;...
        4444        4234        4234        4234;...
        4444        4234        4234        4234;...
        4444       42341       42341       42341;...
        4444        4234        4234        4234;...
        4444        4234        4234        4234;...
        4444        4234        4234        4234;...
        4444       42341       42341       42341;...
        4444        4234        4234        4234;...
        4444        4234        4234        4234;...
        4444        4234        4234        4234;...
        4444       42341       42341       42341;...
        4444        4234        4234        4234;...
        4444        4234        4234        4234;...
        4444        4234        4234        4234;...
        4444       42341       42341       42341;...
        4444        4234        4234        4234"

toneTypes="{zeropower pss sss pbch pbchdmrs "

zeropower=4444
pss=411
sss=431
pbch=4234
pbchdmrs=42341
